1.120000000000000000e+02
5.700000000000000000e+01
2.000000000000000000e+01
1.400000000000000000e+01
3.000000000000000000e+00
3.800000000000000000e+01
2.200000000000000000e+01
1.040000000000000000e+02
8.300000000000000000e+01
1.900000000000000000e+01
6.600000000000000000e+01
3.500000000000000000e+01
5.800000000000000000e+01
1.060000000000000000e+02
7.000000000000000000e+00
1.600000000000000000e+01
8.200000000000000000e+01
1.090000000000000000e+02
1.050000000000000000e+02
4.500000000000000000e+01
4.100000000000000000e+01
1.300000000000000000e+01
3.400000000000000000e+01
9.700000000000000000e+01
6.000000000000000000e+00
7.000000000000000000e+01
3.200000000000000000e+01
8.600000000000000000e+01
6.500000000000000000e+01
4.000000000000000000e+00
6.700000000000000000e+01
4.900000000000000000e+01
9.900000000000000000e+01
6.800000000000000000e+01
8.900000000000000000e+01
1.500000000000000000e+01
6.200000000000000000e+01
