9.997781388527799962e-01
9.997781388572752892e-01
-1.700631724010713172e-12
9.997874914029423188e-01
9.996328604306016219e-01
9.997781388596860275e-01
9.997781388606926667e-01
9.997781388617321685e-01
9.997781388553802495e-01
9.997781388546796988e-01
9.997781388552976489e-01
9.997781388577716699e-01
6.005039581770021337e-13
9.997781388571219674e-01
9.997781388569645378e-01
9.997781388588062867e-01
-9.200359545344864529e-13
9.997781388548253600e-01
9.997781388550218695e-01
9.997781388592057450e-01
3.485285603224036069e-12
9.997781388550207593e-01
2.932806924779336387e-12
2.540435860534631852e-12
9.997781388567256178e-01
-1.697568867134436250e-12
6.647978674611950869e-13
-1.324515003287493015e-13
9.997781388541374659e-01
2.321206403729330366e-12
-3.478741032435767616e-12
9.997781388582673845e-01
2.917977094052730929e-12
9.997781388595486929e-01
2.237769390620495357e-12
9.997781388541986392e-01
-9.763580511012905941e-13
9.997781388547879455e-01
2.526881279861336038e-01
-3.146210266886615862e-12
9.997781388591684415e-01
7.568497359245156021e-14
1.322420415903805781e-12
9.997781388552380299e-01
3.218726527194228620e-12
1.989198484489511280e-12
-8.875135244557705282e-13
-5.412284318761626074e-13
9.992663392839751246e-01
-1.094111187658499144e-12
-3.587743785417480299e-12
3.697607722985821199e-12
4.598649559685388061e-12
9.987459484332625870e-01
9.991388315044043011e-01
2.146780865217185682e-12
9.997781388578488304e-01
2.097538651762943215e-12
9.997781388573965256e-01
9.301827691875508286e-01
3.006750645274048022e-12
5.709941421437437930e-12
9.994018517533317381e-01
1.000000000000000000e+00
8.910303337694473895e-11
9.997781388544286774e-01
1.777146667554845639e-12
9.997781388548988568e-01
9.993754482792077676e-01
